0.933,30,28,65
B0,mixamorig_Hips,-1,0.9828559756278992,-0.06615900248289108,-0.17209400236606598,0,0.06431300193071365,0.9977970123291016,-0.016287000849843025,0,0.1727920025587082,0.004939999897032976,0.9849460124969482,0,0.03881499916315079,13.250147819519043,0.1086760014295578,1
B1,mixamorig_Spine,0,0.9989500045776367,0.043740998953580856,0.01358800008893013,0,-0.042994000017642975,0.9977669715881348,-0.051114000380039215,0,-0.015792999416589737,0.05047700181603432,0.9986000061035156,0,0,1.141083002090454,-0.1100040003657341,1
B2,mixamorig_Spine1,1,0.9991000294685364,0.009692000225186348,0.04128599911928177,0,-0.010869000107049942,0.999538004398346,0.02838199958205223,0,-0.040991999208927155,-0.028805000707507133,0.998744010925293,0,0,1.3374340534210205,0,1
B3,mixamorig_Spine2,2,0.9991949796676636,0.0025949999690055847,0.04002799838781357,0,-0.0005469999741762877,0.9986929893493652,-0.05110500007867813,0,-0.040109001100063324,0.05104200169444084,0.9978910088539124,0,0,1.5284960269927979,0,1
B4,mixamorig_Neck,3,0.9996510148048401,-0.017909999936819077,0.019433999434113503,0,0.017169000580906868,0.9991430044174194,0.037661001086235046,0,-0.02009199932217598,-0.0373149998486042,0.999101996421814,0,0,1.7195589542388916,0,1
B5,mixamorig_Head,4,0.9977390170097351,0.006990999914705753,0.06684999912977219,0,-0.005402000155299902,0.9996989965438843,-0.023910999298095703,0,-0.0669969990849495,0.023496000096201897,0.9974759817123413,0,0,0.773140013217926,0.16272799670696259,1
B6,mixamorig_HeadTop_End,5,1,0,0,0,0,1,0,0,0,0,1,0,0,2.8045599460601807,0.5902940034866333,1
B7,mixamorig_LeftShoulder,3,0.34588098526000977,0.12797200679779053,-0.9295099973678589,0,0.9180279970169067,-0.2508620023727417,0.3070710003376007,0,-0.19388200342655182,-0.9595270156860352,-0.20424999296665192,0,0.6796759963035583,1.5493110418319702,-0.011599999852478504,1
B8,mixamorig_LeftArm,7,0.9827749729156494,-0.17308899760246277,-0.06475099921226501,0,0.1355160027742386,0.4367560148239136,0.8893139958381653,0,-0.12565000355243683,-0.8827710151672363,0.452688992023468,0,0,1.4848350286483765,0,1
B9,mixamorig_LeftForeArm,8,0.8076059818267822,0.5894250273704529,0.018730999901890755,0,-0.5894550085067749,0.8058750033378601,0.05575700104236603,0,0.017768999561667442,-0.056070998311042786,0.9982690215110779,0,0,3.3065850734710693,0,1
B10,mixamorig_LeftHand,9,0.8789730072021484,0.2461410015821457,-0.4084379971027374,0,-0.25735899806022644,0.9659029841423035,0.028245000168681145,0,0.40146398544311523,0.08028899878263474,0.9123489856719971,0,0,3.252000093460083,0,1
B11,mixamorig_LeftHandThumb1,10,0.6871200203895569,0.371165007352829,-0.6245819926261902,0,-0.2754180133342743,0.9285659790039062,0.24881599843502045,0,0.6723179817199707,0.001053999993018806,0.740261971950531,0,-0.32615599036216736,0.38887399435043335,0.1863590031862259,1
B12,mixamorig_LeftHandThumb2,11,0.914309024810791,-0.19388000667095184,0.35559600591659546,0,0.1448490023612976,0.9764410257339478,0.15994399785995483,0,-0.3782289922237396,-0.09472999721765518,0.92085200548172,0,-0.010243000462651253,0.4324199855327606,0,1
B13,mixamorig_LeftHandThumb3,12,0.9414970278739929,0.28386399149894714,-0.18167300522327423,0,-0.2720780074596405,0.9583029747009277,0.08733899891376495,0,0.19889000058174133,-0.03280000016093254,0.9794729948043823,0,-0.025351999327540398,0.42767399549484253,0,1
B14,mixamorig_LeftHandThumb4,13,1,0,0,0,0,1,0,0,0,0,1,0,0.03559499979019165,0.34496399760246277,0,1
B15,mixamorig_LeftHandIndex1,10,0.9991679787635803,0.04049199819564819,-0.0048790001310408115,0,-0.040752001106739044,0.9959920048713684,-0.07962100207805634,0,0.0016349999932572246,0.07975299656391144,0.9968129992485046,0,-0.3550049960613251,1.201058030128479,-0.009050000458955765,1
B16,mixamorig_LeftHandIndex2,15,0.9990429878234863,-0.04353199899196625,-0.004300999920815229,0,0.04291500151157379,0.9563120007514954,0.2891809940338135,0,-0.008476000279188156,-0.28908899426460266,0.9572650194168091,0,0.0005929999751970172,0.3072730004787445,0,1
B17,mixamorig_LeftHandIndex3,16,0.9999709725379944,-0.007633000146597624,0.000291000003926456,0,0.007596000097692013,0.997713029384613,0.0671669989824295,0,-0.0008030000026337802,-0.06716199964284897,0.9977419972419739,0,0.0003429999924264848,0.29129600524902344,0,1
B18,mixamorig_LeftHandIndex4,17,1,0,0,0,0,1,0,0,0,0,1,0,-0.0009360000258311629,0.25084999203681946,0,1
B19,mixamorig_LeftHandMiddle1,10,0.9993810057640076,-0.03481199964880943,-0.004987000022083521,0,0.03484899923205376,0.961313009262085,0.2732439935207367,0,-0.004718000069260597,-0.2732490003108978,0.9619320034980774,0,-0.11559499800205231,1.1544300317764282,-0.011510999873280525,1
B20,mixamorig_LeftHandMiddle2,19,0.9980589747428894,-0.0612419992685318,-0.011328999884426594,0,0.05968699976801872,0.8885800242424011,0.45482298731803894,0,-0.017788000404834747,-0.4546160101890564,0.8905100226402283,0,-0.00031400000443682075,0.3948670029640198,0,1
B21,mixamorig_LeftHandMiddle3,20,0.9995250105857849,-0.03050299920141697,-0.004315999802201986,0,0.03051299974322319,0.9609060287475586,0.27518901228904724,0,-0.004246999975293875,-0.27518999576568604,0.9613810181617737,0,-0.00033400001120753586,0.37462300062179565,0,1
B22,mixamorig_LeftHandMiddle4,21,1,0,0,0,0,1,0,0,0,0,1,0,0.0006469999789260328,0.34314000606536865,0,1
B23,mixamorig_LeftHandRing1,10,0.9990469813346863,-0.04248499870300293,-0.009957999922335148,0,0.040860000997781754,0.8306970000267029,0.5552240014076233,0,-0.015317000448703766,-0.5551019906997681,0.8316410183906555,0,0.1267469972372055,1.0985260009765625,-0.004972000140696764,1
B24,mixamorig_LeftHandRing2,23,0.9993169903755188,-0.036107998341321945,-0.007841999642550945,0,0.03681400045752525,0.9548270106315613,0.29487401247024536,0,-0.0031590000726282597,-0.29496100544929504,0.9555040001869202,0,-0.00026199998683296144,0.34397000074386597,0,1
B25,mixamorig_LeftHandRing3,24,0.9998210072517395,-0.018310999497771263,-0.004685999825596809,0,0.01889199949800968,0.9758279919624329,0.21772100031375885,0,0.0005869999877177179,-0.2177709937095642,0.9760000109672546,0,-0.00039400000241585076,0.32832100987434387,0,1
B26,mixamorig_LeftHandRing4,25,1,0,0,0,0,1,0,0,0,0,1,0,0.0006559999892488122,0.29633501172065735,0,1
B27,mixamorig_LeftHandPinky1,10,0.9891650080680847,-0.13544300198554993,-0.05663299933075905,0,0.1455329954624176,0.853987991809845,0.4995250105857849,0,-0.019293999299407005,-0.5023549795150757,0.8644459843635559,0,0.3438529968261719,0.9330480098724365,-0.007087999954819679,1
B28,mixamorig_LeftHandPinky2,27,0.9988399744033813,-0.04740399867296219,-0.008441000245511532,0,0.045527998358011246,0.8727660179138184,0.48600998520851135,0,-0.015672000125050545,-0.48583099246025085,0.87391197681427,0,0.0002640000020619482,0.3120589852333069,0,1
B29,mixamorig_LeftHandPinky3,28,0.9996209740638733,-0.02747800014913082,-0.0013810000382363796,0,0.02745099924504757,0.9927440285682678,0.11706899851560593,0,-0.00184599997010082,-0.1170630007982254,0.9931229948997498,0,-0.0000470000013592653,0.2474299967288971,0,1
B30,mixamorig_LeftHandPinky4,29,1,0,0,0,0,1,0,0,0,0,1,0,-0.00021699999342672527,0.23377299308776855,0,1
B31,mixamorig_RightShoulder,3,0.05328899994492531,0.012777999974787235,0.9984970092773438,0,-0.9457539916038513,-0.3202660083770752,0.054572999477386475,0,0.32048299908638,-0.9472410082817078,-0.004982000216841698,0,-0.6796759963035583,1.5502300262451172,-0.021136000752449036,1
B32,mixamorig_RightArm,31,0.8929700255393982,0.21035799384117126,0.3979380130767822,0,-0.44921600818634033,0.47237300872802734,0.7583330273628235,0,-0.028454000130295753,-0.8559290170669556,0.51631098985672,0,0,1.4848350286483765,0,1
B33,mixamorig_RightForeArm,32,0.84477698802948,-0.5348820090293884,-0.01589900068938732,0,0.5349069833755493,0.8432340025901794,0.05320100113749504,0,-0.015049999579787254,-0.05344799906015396,0.9984570145606995,0,0,3.3060851097106934,0,1
B34,mixamorig_RightHand,33,0.8518589735031128,-0.04681500047445297,0.5216749906539917,0,0.0004199999966658652,0.9960579872131348,0.08869999647140503,0,-0.5237709879875183,-0.07534100115299225,0.8485209941864014,0,0,3.252023935317993,0,1
B35,mixamorig_RightHandThumb1,34,0.8222079873085022,-0.4280970096588135,0.3751089870929718,0,0.3522849977016449,0.9003750085830688,0.25538399815559387,0,-0.4470680058002472,-0.07783299684524536,0.8911070227622986,0,0.3353169858455658,0.39329099655151367,0.192453995347023,1
B36,mixamorig_RightHandThumb2,35,0.966497004032135,0.2160400003194809,0.13860300183296204,0,-0.19328899681568146,0.9678760170936584,-0.16079500317573547,0,-0.16888800263404846,0.12861700356006622,0.9772070050239563,0,0.0033599999733269215,0.4411869943141937,0,1
B37,mixamorig_RightHandThumb3,36,0.9215800166130066,-0.3488439917564392,-0.17028699815273285,0,0.34884101152420044,0.9366710186004639,-0.030931999906897545,0,0.17029300332069397,-0.030896000564098358,0.9849089980125427,0,0.017900999635457993,0.422311007976532,0,1
B38,mixamorig_RightHandThumb4,37,1,0,0,0,0,1,0,0,0,0,1,0,-0.021260999143123627,0.3361220061779022,0,1
B39,mixamorig_RightHandIndex1,34,0.9932000041007996,-0.11522100120782852,-0.016659999266266823,0,0.1163259968161583,0.9764860272407532,0.1815049946308136,0,-0.004645000211894512,-0.18220899999141693,0.9832490086555481,0,0.359156996011734,1.1747610569000244,-0.004033000208437443,1
B40,mixamorig_RightHandIndex2,39,0.9979919791221619,0.06231100112199783,0.011381999589502811,0,-0.060773998498916626,0.8913080096244812,0.44930699467658997,0,0.017852000892162323,-0.44909700751304626,0.8933050036430359,0,-0.0007210000185295939,0.31484800577163696,0,1
B41,mixamorig_RightHandIndex3,40,0.9999070167541504,0.013433000072836876,-0.00215000007301569,0,-0.012171999551355839,0.9539840221405029,0.29961100220680237,0,0.006074999924749136,-0.29955700039863586,0.9540590047836304,0,-0.000004999999873689376,0.2999800145626068,0,1
B42,mixamorig_RightHandIndex4,41,1,0,0,0,0,1,0,0,0,0,1,0,0.0007259999983943999,0.2669230103492737,0,1
B43,mixamorig_RightHandMiddle1,34,0.9989439845085144,0.04453900083899498,0.01127300038933754,0,-0.04543999955058098,0.9215779900550842,0.3855249881744385,0,0.0067819999530911446,-0.3856300115585327,0.9226289987564087,0,0.11730500310659409,1.1739939451217651,-0.006180999800562859,1
B44,mixamorig_RightHandMiddle2,43,0.9965519905090332,0.07988099753856659,0.022429000586271286,0,-0.07677900046110153,0.7853990197181702,0.6142100095748901,0,0.03144799917936325,-0.6138139963150024,0.7888240218162537,0,0.00021800000104121864,0.38363000750541687,0,1
B45,mixamorig_RightHandMiddle3,44,0.9984890222549438,0.05315899848937988,0.013945999555289745,0,-0.052737001329660416,0.8553860187530518,0.5152999758720398,0,0.015463000163435936,-0.5152570009231567,0.8568959832191467,0,0.0005290000117383897,0.36347898840904236,0,1
B46,mixamorig_RightHandMiddle4,45,1,0,0,0,0,1,0,0,0,0,1,0,-0.0007469999836757779,0.33994999527931213,0,1
B47,mixamorig_RightHandRing1,34,0.9981769919395447,0.05770999938249588,0.017659999430179596,0,-0.05534299835562706,0.7585700154304504,0.6492369771003723,0,0.024071000516414642,-0.6490309834480286,0.7603809833526611,0,-0.1343429982662201,1.1287000179290771,-0.011710000224411488,1
B48,mixamorig_RightHandRing2,47,0.9987319707870483,0.04849899932742119,0.013495000079274178,0,-0.04982500150799751,0.9140099883079529,0.40262100100517273,0,0.007191999815404415,-0.40278199315071106,0.9152669906616211,0,0.0003380000125616789,0.34310001134872437,0,1
B49,mixamorig_RightHandRing3,48,0.9999899864196777,0.003579000011086464,-0.002553999889642,0,-0.0024759999942034483,0.9384089708328247,0.34551599621772766,0,0.0036329999566078186,-0.3455069959163666,0.9384089708328247,0,0.0002770000137388706,0.3143239915370941,0,1
B50,mixamorig_RightHandRing4,49,1,0,0,0,0,1,0,0,0,0,1,0,-0.0006150000263005495,0.29385000467300415,0,1
B51,mixamorig_RightHandPinky1,34,0.995868980884552,0.08032499998807907,0.0423399992287159,0,-0.08692900091409683,0.7086880207061768,0.7001460194587708,0,0.026233000680804253,-0.7009339928627014,0.7127429842948914,0,-0.3421190083026886,0.9337649941444397,-0.0014769999543204904,1
B52,mixamorig_RightHandPinky2,51,0.9965590238571167,0.07772199809551239,0.028814999386668205,0,-0.0727199986577034,0.6529049873352051,0.753940999507904,0,0.03978399932384491,-0.7534419894218445,0.6563100218772888,0,-0.000311999989207834,0.3076159954071045,0,1
B53,mixamorig_RightHandPinky3,52,0.9988999962806702,0.04654400050640106,-0.005661999806761742,0,-0.030006999149918556,0.7273899912834167,0.6855679750442505,0,0.036028001457452774,-0.6846439838409424,0.7279859781265259,0,0.00012700000661425292,0.24992099404335022,0,1
B54,mixamorig_RightHandPinky4,53,1,0,0,0,0,1,0,0,0,0,1,0,0.0001849999971454963,0.22435300052165985,0,1
B55,mixamorig_LeftUpLeg,0,-0.9991629719734192,-0.04049000144004822,0.005747999995946884,0,0.03982499986886978,-0.9313730001449585,0.36188098788261414,0,-0.009298999793827534,0.3618069887161255,0.9322069883346558,0,1.0930769443511963,-0.6339730024337769,-0.1076280027627945,1
B56,mixamorig_LeftLeg,55,0.9911620020866394,0.09317000210285187,-0.09443599730730057,0,-0.12428399920463562,0.40322399139404297,-0.9066219925880432,0,-0.04639099910855293,0.9103459715843201,0.41123899817466736,0,0,5.854769229888916,0,1
B57,mixamorig_LeftFoot,56,0.9991419911384583,-0.0024190000258386135,-0.04133300110697746,0,0.03611199930310249,0.5392510294914246,0.8413699865341187,0,0.020253000780940056,-0.8421419858932495,0.5388759970664978,0,0,5.911653995513916,0,1
B58,mixamorig_LeftToeBase,57,0.9988009929656982,0,0.048944998532533646,0,-0.02715899981558323,0.8319230079650879,0.5542259812355042,0,-0.04071800038218498,-0.5548909902572632,0.8309260010719299,0,0,1.7655739784240723,0,1
B59,mixamorig_LeftToe_End,58,1,0,0,0,0,1,0,0,0,0,1,0,0,0.648751974105835,0,1
B60,mixamorig_RightUpLeg,0,-0.9643509984016418,-0.18267099559307098,-0.19146500527858734,0,0.16058599948883057,-0.9790419936180115,0.12525199353694916,0,-0.2103320062160492,0.09004099667072296,0.9734749794006348,0,-1.0930769443511963,-0.6339730024337769,-0.13333700597286224,1
B61,mixamorig_RightLeg,60,0.9988089799880981,-0.031045999377965927,0.037643998861312866,0,0.03924600034952164,0.969556987285614,-0.24169999361038208,0,-0.0289939995855093,0.24289000034332275,0.9696199893951416,0,0,5.853795051574707,0,1
B62,mixamorig_RightFoot,61,0.993565022945404,-0.09886299818754196,-0.05527700111269951,0,0.09457100182771683,0.4554870128631592,0.8852049708366394,0,-0.06233600154519081,-0.8847360014915466,0.46190500259399414,0,0,5.910154819488525,0,1
B63,mixamorig_RightToeBase,62,0.9987509846687317,0,-0.04996899887919426,0,0.02905000001192093,0.8136379718780518,0.5806459784507751,0,0.04065699875354767,-0.5813720226287842,0.8126220107078552,0,0,1.7369129657745361,0,1
B64,mixamorig_RightToe_End,63,1,0,0,0,0,1,0,0,0,0,1,0,0,0.6474210023880005,0,1
@52,0,1,2,3,4,5,7,8,9,10,11,12,13,15,16,17,19,20,21,23,24,25,27,28,29,31,32,33,34,35,36,37,39,40,41,43,44,45,47,48,49,51,52,53,55,56,57,58,60,61,62,63
K0,0.982856035232544,-0.06615903973579407,-0.17209377884864807,0,0.06431296467781067,0.9977969527244568,-0.01628704182803631,0,0.1727922409772873,0.0049399579875171185,0.9849460124969482,0,0.03881499916315079,13.250147819519043,0.1086760014295578,1,0.9989500045776367,0.04374103248119354,0.01358777191489935,0,-0.04299396649003029,0.99776691198349,-0.05111442878842354,0,-0.015793228521943092,0.050476573407649994,0.9986000061035156,0,0,1.141083002090454,-0.1100040003657341,1,0.9991000294685364,0.00969195831567049,0.04128606989979744,0,-0.01086904015392065,0.999538004398346,0.028381897136569023,0,-0.040991928428411484,-0.028805101290345192,0.998744010925293,0,0,1.3374340534210205,0,1,0.9991949200630188,0.0025952996220439672,0.04002832621335983,0,-0.0005467001465149224,0.9986929893493652,-0.05110500007867813,0,-0.04010866954922676,0.05104200169444084,0.9978910088539124,0,0,1.5284960269927979,0,1,0.9996510744094849,-0.01791013777256012,0.019434066489338875,0,0.017168864607810974,0.9991430044174194,0.03766140341758728,0,-0.020091935992240906,-0.037314608693122864,0.9991020560264587,0,0,1.7195589542388916,0,1,0.9977390170097351,0.006990673951804638,0.06684999912977219,0,-0.005402326583862305,0.9996989965438843,-0.023911111056804657,0,-0.06699700653553009,0.023495890200138092,0.9974759817123413,0,0,0.773140013217926,0.16272799670696259,1,0.34588125348091125,0.1279718279838562,-0.9295098781585693,0,0.9180281162261963,-0.25086158514022827,0.3070709705352783,0,-0.193882018327713,-0.9595270156860352,-0.20425020158290863,0,0.6796759963035583,1.5493110418319702,-0.011599999852478504,1,0.9827749729156494,-0.17308901250362396,-0.06475113332271576,0,0.1355159878730774,0.4367557764053345,0.8893141150474548,0,-0.12565012276172638,-0.8827708959579468,0.45268920063972473,0,0,1.4848350286483765,0,1,0.807606041431427,0.5894250869750977,0.01873140037059784,0,-0.5894548892974854,0.8058750033378601,0.05575699731707573,0,0.017769400030374527,-0.056071002036333084,0.9982690215110779,0,0,3.3065850734710693,0,1,0.8789730072021484,0.2461407631635666,-0.40843814611434937,0,-0.25735923647880554,0.9659029245376587,0.028244858607649803,0,0.4014637768268585,0.0802888497710228,0.9123490452766418,0,0,3.252000093460083,0,1,0.6871199011802673,0.37116512656211853,-0.624582052230835,0,-0.27541783452033997,0.9285659193992615,0.2488163560628891,0,0.6723179817199707,0.0010543654207140207,0.7402620911598206,0,-0.32615599036216736,0.38887399435043335,0.1863590031862259,1,0.9143089652061462,-0.1938798725605011,0.35559630393981934,0,0.14484912157058716,0.9764410853385925,0.15994378924369812,0,-0.37822869420051575,-0.09473021328449249,0.9208521246910095,0,-0.010243000462651253,0.4324199855327606,0,1,0.9414970278739929,0.28386399149894714,-0.18167288601398468,0,-0.2720779776573181,0.9583029747009277,0.0873388797044754,0,0.1988901048898697,-0.03280011564493179,0.9794729948043823,0,-0.025351999327540398,0.42767399549484253,0,1,0.9991679787635803,0.040491968393325806,-0.0048787775449454784,0,-0.04075203463435173,0.9959920048713684,-0.07962072640657425,0,0.0016352228121832013,0.07975326478481293,0.9968129992485046,0,-0.3550049960613251,1.201058030128479,-0.009050000458955765,1,0.9990429878234863,-0.043532032519578934,-0.004300765227526426,0,0.042914971709251404,0.9563120007514954,0.28918105363845825,0,-0.008475765585899353,-0.2890889048576355,0.9572651386260986,0,0.0005929999751970172,0.3072730004787445,0,1,0.9999709725379944,-0.007632890250533819,0.0002909952017944306,0,0.007596110459417105,0.9977130889892578,0.06716658920049667,0,-0.0008030048338696361,-0.0671624168753624,0.9977419972419739,0,0.0003429999924264848,0.29129600524902344,0,1,0.9993810057640076,-0.03481176123023033,-0.004987021908164024,0,0.03484924137592316,0.9613129496574402,0.2732440233230591,0,-0.004718021489679813,-0.27324897050857544,0.9619320631027222,0,-0.11559499800205231,1.1544300317764282,-0.011510999873280525,1,0.9980590343475342,-0.061242081224918365,-0.011328771710395813,0,0.05968692898750305,0.8885800242424011,0.45482298731803894,0,-0.017787771299481392,-0.4546160399913788,0.8905100226402283,0,-0.00031400000443682075,0.3948670029640198,0,1,0.9995250105857849,-0.03050314635038376,-0.0043159290216863155,0,0.030512848868966103,0.9609060883522034,0.2751889228820801,0,-0.004246928729116917,-0.2751900553703308,0.9613809585571289,0,-0.00033400001120753586,0.37462300062179565,0,1,0.9990469813346863,-0.04248505085706711,-0.009957806207239628,0,0.040859952569007874,0.8306968808174133,0.5552241206169128,0,-0.015316805802285671,-0.5551018118858337,0.8316411375999451,0,0.1267469972372055,1.0985260009765625,-0.004972000140696764,1,0.9993169903755188,-0.03610773757100105,-0.00784224271774292,0,0.03681425750255585,0.9548270106315613,0.2948738634586334,0,-0.003159242682158947,-0.2949611246585846,0.9555039405822754,0,-0.00026199998683296144,0.34397000074386597,0,1,0.9998210072517395,-0.018310941755771637,-0.004686479922384024,0,0.018892057240009308,0.9758279919624329,0.2177211344242096,0,0.0005865198327228427,-0.21777085959911346,0.9760000109672546,0,-0.00039400000241585076,0.32832100987434387,0,1,0.9891650080680847,-0.13544303178787231,-0.0566326342523098,0,0.14553296566009521,0.8539877533912659,0.4995252788066864,0,-0.019293632358312607,-0.5023547410964966,0.8644461035728455,0,0.3438529968261719,0.9330480098724365,-0.007087999954819679,1,0.9988399744033813,-0.04740411415696144,-0.008440929464995861,0,0.04552788659930229,0.8727659583091736,0.4860101640224457,0,-0.015671931207180023,-0.4858308732509613,0.8739120960235596,0,0.0002640000020619482,0.3120589852333069,0,1,0.9996209740638733,-0.027478156611323357,-0.0013809334486722946,0,0.027450844645500183,0.9927440285682678,0.11706917732954025,0,-0.0018459334969520569,-0.11706282943487167,0.9931230545043945,0,-0.0000470000013592653,0.2474299967288971,0,1,0.05328874662518501,0.012778221629559994,0.9984970092773438,0,-0.9457538723945618,-0.3202663064002991,0.0545724555850029,0,0.3204824924468994,-0.9472410678863525,-0.004981483332812786,0,-0.6796759963035583,1.5502300262451172,-0.021136000752449036,1,0.8929701447486877,0.2103576511144638,0.3979380428791046,0,-0.4492163062095642,0.4723728597164154,0.7583329081535339,0,-0.028453974053263664,-0.8559290170669556,0.51631098985672,0,0,1.4848350286483765,0,1,0.8447768092155457,-0.5348821878433228,-0.015898924320936203,0,0.5349066853523254,0.843234121799469,0.05320131033658981,0,-0.01504992414265871,-0.05344768986105919,0.9984570741653442,0,0,3.3060851097106934,0,1,0.8518590927124023,-0.046814966946840286,0.5216748714447021,0,0.0004200308467261493,0.9960579872131348,0.08870010077953339,0,-0.5237711071968079,-0.0753408893942833,0.8485209941864014,0,0,3.252023935317993,0,1,0.8222077488899231,-0.4280972182750702,0.37510916590690613,0,0.35228481888771057,0.9003751873970032,0.25538378953933716,0,-0.4470677971839905,-0.07783322781324387,0.8911070823669434,0,0.3353169858455658,0.39329099655151367,0.192453995347023,1,0.966497004032135,0.21603992581367493,0.13860273361206055,0,-0.19328904151916504,0.9678760170936584,-0.16079477965831757,0,-0.16888828575611115,0.12861721217632294,0.9772069454193115,0,0.0033599999733269215,0.4411869943141937,0,1,0.9215800166130066,-0.34884411096572876,-0.17028671503067017,0,0.3488409221172333,0.9366710186004639,-0.0309323500841856,0,0.17029328644275665,-0.030896350741386414,0.984908938407898,0,0.017900999635457993,0.422311007976532,0,1,0.9932000041007996,-0.11522070318460464,-0.016659943386912346,0,0.11632628738880157,0.9764859676361084,0.18150511384010315,0,-0.00464494526386261,-0.182208850979805,0.9832490086555481,0,0.359156996011734,1.1747610569000244,-0.004033000208437443,1,0.9979919791221619,0.062310848385095596,0.01138191856443882,0,-0.06077416241168976,0.8913078904151917,0.44930723309516907,0,0.017851920798420906,-0.44909679889678955,0.8933051228523254,0,-0.0007210000185295939,0.31484800577163696,0,1,0.9999070167541504,0.01343302521854639,-0.0021496170666068792,0,-0.01217197347432375,0.9539840817451477,0.29961100220680237,0,0.00607538316398859,-0.29955703020095825,0.9540590047836304,0,-0.000004999999873689376,0.2999800145626068,0,1,0.9989439845085144,0.044538918882608414,0.011272955685853958,0,-0.045440077781677246,0.9215779900550842,0.3855248689651489,0,0.006781954783946276,-0.3856301009654999,0.9226289391517639,0,0.11730500310659409,1.1739939451217651,-0.006180999800562859,1,0.9965519905090332,0.07988084107637405,0.022428937256336212,0,-0.07677914202213287,0.7853990197181702,0.6142098903656006,0,0.03144793212413788,-0.6138139963150024,0.7888239622116089,0,0.00021800000104121864,0.38363000750541687,0,1,0.9984890222549438,0.053158655762672424,0.013946239836513996,0,-0.052737344056367874,0.8553857803344727,0.5153002738952637,0,0.015463240444660187,-0.5152567625045776,0.8568961024284363,0,0.0005290000117383897,0.36347898840904236,0,1,0.9981769919395447,0.05770973116159439,0.017659973353147507,0,-0.05534326657652855,0.7585699558258057,0.6492370367050171,0,0.024070974439382553,-0.6490309238433838,0.7603809833526611,0,-0.1343429982662201,1.1287000179290771,-0.011710000224411488,1,0.9987319707870483,0.04849892109632492,0.013495052233338356,0,-0.04982507601380348,0.9140101075172424,0.40262073278427124,0,0.007192052435129881,-0.40278226137161255,0.9152668714523315,0,0.0003380000125616789,0.34310001134872437,0,1,0.9999899864196777,0.0035789022222161293,-0.00255386158823967,0,-0.0024760975502431393,0.9384089112281799,0.34551623463630676,0,0.0036331380251795053,-0.3455067276954651,0.9384090304374695,0,0.0002770000137388706,0.3143239915370941,0,1,0.9958689212799072,0.08032509684562683,0.04234025254845619,0,-0.08692890405654907,0.7086880803108215,0.700145959854126,0,0.0262332521378994,-0.7009340524673462,0.7127428650856018,0,-0.3421190083026886,0.9337649941444397,-0.0014769999543204904,1,0.9965590834617615,0.07772186398506165,0.028815139085054398,0,-0.07272013276815414,0.6529049277305603,0.7539410591125488,0,0.03978414461016655,-0.7534419298171997,0.6563100814819336,0,-0.000311999989207834,0.3076159954071045,0,1,0.9988999962806702,0.046544112265110016,-0.005662217270582914,0,-0.030006883665919304,0.7273898124694824,0.6855681538581848,0,0.03602778539061546,-0.6846438646316528,0.7279860377311707,0,0.00012700000661425292,0.24992099404335022,0,1,-0.9991629123687744,-0.04049013555049896,0.0057480414398014545,0,0.03982486203312874,-0.9313730001449585,0.3618807792663574,0,-0.009299041703343391,0.3618071675300598,0.9322069883346558,0,1.0930769443511963,-0.6339730024337769,-0.1076280027627945,1,0.9911620616912842,0.0931696966290474,-0.09443589299917221,0,-0.12428431212902069,0.4032236337661743,-0.9066221117973328,0,-0.046390894800424576,0.9103458523750305,0.41123926639556885,0,0,5.854769229888916,0,1,0.999142050743103,-0.002419272204861045,-0.04133276268839836,0,0.036111727356910706,0.5392507910728455,0.8413701057434082,0,0.020253246650099754,-0.84214186668396,0.5388761758804321,0,0,5.911653995513916,0,1,0.9988009929656982,0,0.048944730311632156,0,-0.02715900167822838,0.8319230675697327,0.5542259216308594,0,-0.04071826860308647,-0.5548909902572632,0.8309260010719299,0,0,1.7655739784240723,0,1,-0.9643510580062866,-0.18267107009887695,-0.1914648413658142,0,0.16058595478534698,-0.9790419340133667,0.12525230646133423,0,-0.21033217012882233,0.0900406762957573,0.9734749794006348,0,-1.0930769443511963,-0.6339730024337769,-0.13333700597286224,1,0.9988089799880981,-0.03104592300951481,0.0376439094543457,0,0.039246078580617905,0.9695569276809692,-0.24170030653476715,0,-0.028994090855121613,0.24288968741893768,0.9696200489997864,0,0,5.853795051574707,0,1,0.993565022945404,-0.09886308014392853,-0.05527707561850548,0,0.09457094222307205,0.4554869532585144,0.8852049112319946,0,-0.06233607605099678,-0.8847358226776123,0.46190524101257324,0,0,5.910154819488525,0,1,0.9987509846687317,0,-0.04996906593441963,0,0.02905033901333809,0.8136380910873413,0.5806457996368408,0,0.040656931698322296,-0.5813722014427185,0.8126218914985657,0,0,1.7369129657745361,0,1
K0.033,0.9879710078239441,-0.04786067456007004,-0.1470438688993454,0,0.04863595589995384,0.9988150000572205,0.0016794698312878609,0,0.14678926765918732,-0.008810888044536114,0.9891281127929688,0,0.07456745952367783,13.283116340637207,0.06701762974262238,1,0.9993529915809631,0.035500138998031616,0.005795780569314957,0,-0.03510867804288864,0.9977260231971741,-0.05753293260931969,0,-0.007825030013918877,0.057292237877845764,0.9983270168304443,0,0,1.141083002090454,-0.1100040003657341,1,0.9997499585151672,0.002337000099942088,0.02224808931350708,0,-0.0028479392640292645,0.9997320771217346,0.02296166494488716,0,-0.022188471630215645,-0.02301928959786892,0.9994890093803406,0,0,1.3374340534210205,0,1,0.999754011631012,-0.005811138078570366,0.02141507714986801,0,0.0070029255002737045,0.9984059929847717,-0.05600392445921898,0,-0.021055489778518677,0.05614011362195015,0.9982009530067444,0,0,1.5284960269927979,0,1,0.9996569752693176,-0.01379397138953209,0.02225162461400032,0,0.012774156406521797,0.9988899230957031,0.045339856296777725,0,-0.022852351889014244,-0.0450400784611702,0.9987239837646484,0,0,1.7195589542388916,0,1,0.9971330165863037,0.0152320247143507,0.07411717623472214,0,-0.014698009006679058,0.9998619556427002,-0.007745193317532539,0,-0.07422491163015366,0.006633611395955086,0.9972190260887146,0,0,0.773140013217926,0.16272799670696259,1,0.34628209471702576,0.12510401010513306,-0.9297509789466858,0,0.9154160618782043,-0.26182523369789124,0.30571287870407104,0,-0.20518656075000763,-0.9569729566574097,-0.20518790185451508,0,0.6796759963035583,1.5493110418319702,-0.011599999852478504,1,0.9652939438819885,-0.24241138994693756,-0.09718829393386841,0,0.19127120077610016,0.40279197692871094,0.8950827717781067,0,-0.17783154547214508,-0.8826069831848145,0.43517884612083435,0,0,1.4848350286483765,0,1,0.8429792523384094,0.5377256274223328,0.015385173261165619,0,-0.5377531051635742,0.8415669798851013,0.0508657731115818,0,0.014404173009097576,-0.05115220695734024,0.9985870122909546,0,0,3.3065850734710693,0,1,0.8558104038238525,0.16155031323432922,-0.49141624569892883,0,-0.10114091634750366,0.9839049577713013,0.1473144292831421,0,0.5073058009147644,-0.0763709619641304,0.8583757877349854,0,0,3.252000093460083,0,1,0.6923611164093018,0.34174835681915283,-0.6354871988296509,0,-0.289234459400177,0.938317060470581,0.18948236107826233,0,0.6610440015792847,0.05261457711458206,0.7484999895095825,0,-0.32615599036216736,0.38887399435043335,0.1863590031862259,1,0.9602822661399841,-0.12055013328790665,0.25164783000946045,0,0.0736706405878067,0.9793936610221863,0.18804626166820526,0,-0.26913097500801086,-0.16203823685646057,0.949374258518219,0,-0.010243000462651253,0.4324199855327606,0,1,0.8798387050628662,0.41492152214050293,-0.23178304731845856,0,-0.4046197831630707,0.909774661064148,0.09269416332244873,0,0.2493312805891037,0.012228108942508698,0.9683409333229065,0,-0.025351999327540398,0.42767399549484253,0,1,0.999226987361908,0.03059767559170723,-0.024687128141522408,0,-0.031136201694607735,0.9992789626121521,-0.021732745692133904,0,0.02400434948503971,0.02248460426926613,0.9994589686393738,0,-0.3550049960613251,1.201058030128479,-0.009050000458955765,1,0.9990270733833313,-0.043874695897102356,-0.004401162266731262,0,0.043241314589977264,0.9552520513534546,0.2926146984100342,0,-0.008634163066744804,-0.29252034425735474,0.9562198519706726,0,0.0005929999751970172,0.3072730004787445,0,1,0.9999679923057556,-0.00799094419926405,0.0002666698710527271,0,0.007952059619128704,0.9974629282951355,0.07074722647666931,0,-0.0008313301368616521,-0.07074280828237534,0.9974939823150635,0,0.0003429999924264848,0.29129600524902344,0,1,0.9984499216079712,-0.05450998246669769,-0.011241113767027855,0,0.055371303111314774,0.952415943145752,0.2997301518917084,0,-0.005632071290165186,-0.2998880445957184,0.9539580345153809,0,-0.11559499800205231,1.1544300317764282,-0.011510999873280525,1,0.9980610609054565,-0.06120772659778595,-0.011311938986182213,0,0.05965527892112732,0.8887508511543274,0.4544921815395355,0,-0.01776493899524212,-0.4542858302593231,0.890679121017456,0,-0.00031400000443682075,0.3948670029640198,0,1,0.9995260238647461,-0.03047458827495575,-0.00430790102109313,0,0.030484411865472794,0.9609870314598083,0.2749089002609253,0,-0.0042379009537398815,-0.2749100625514984,0.9614610075950623,0,-0.00033400001120753586,0.37462300062179565,0,1,0.9987339973449707,-0.04848579317331314,-0.013425875455141068,0,0.04724528267979622,0.8121548295021057,0.5815261006355286,0,-0.017291860654950142,-0.5814239978790283,0.8134170770645142,0,0.1267469972372055,1.0985260009765625,-0.004972000140696764,1,0.9993280172348022,-0.03582657873630524,-0.007721945643424988,0,0.03651941940188408,0.9557079672813416,0.2920421361923218,0,-0.003082945477217436,-0.2921278774738312,0.9563740491867065,0,-0.00026199998683296144,0.34397000074386597,0,1,0.9998270273208618,-0.018018798902630806,-0.00459942827001214,0,0.018586192280054092,0.9764779806137085,0.21481283009052277,0,0.000620571372564882,-0.21486113965511322,0.9766439199447632,0,-0.00039400000241585076,0.32832100987434387,0,1,0.9867140054702759,-0.14853940904140472,-0.06581374257802963,0,0.16121067106723785,0.844882071018219,0.5100840330123901,0,-0.020162727683782578,-0.5139169692993164,0.857603132724762,0,0.3438529968261719,0.9330480098724365,-0.007087999954819679,1,0.9988420605659485,-0.04737396910786629,-0.008427277207374573,0,0.04550003632903099,0.8729270100593567,0.48572397232055664,0,-0.015654277056455612,-0.4855451285839081,0.8740720152854919,0,0.0002640000020619482,0.3120589852333069,0,1,0.9996219873428345,-0.027446651831269264,-0.0013740776339545846,0,0.027419349178671837,0.9927829504013062,0.11674418300390244,0,-0.0018400776898488402,-0.11673782020807266,0.9931610822677612,0,-0.0000470000013592653,0.2474299967288971,0,1,0.05882640928030014,0.012838587164878845,0.9981859922409058,0,-0.9448149800300598,-0.3220946490764618,0.05982380732893944,0,0.32227829098701477,-0.9466198086738586,-0.006817549001425505,0,-0.6796759963035583,1.5502300262451172,-0.021136000752449036,1,0.9333012700080872,0.18425694108009338,0.30821698904037476,0,-0.3590227961540222,0.49590206146240234,0.7906865477561951,0,-0.007155969738960266,-0.8486049771308899,0.5289779901504517,0,0,1.4848350286483765,0,1,0.8365001082420349,-0.5477108359336853,-0.01672188565135002,0,0.5477362871170044,0.8348758220672607,0.054476890712976456,0,-0.015876885503530502,-0.054729118943214417,0.9983749985694885,0,0,3.3060851097106934,0,1,0.8437659740447998,-0.013878948986530304,0.5365320444107056,0,-0.021642375737428665,0.9979730248451233,0.059850890189409256,0,-0.5362749695777893,-0.06211194768548012,0.8417550325393677,0,0,3.252023935317993,0,1,0.8226280212402344,-0.4302651584148407,0.3716917932033539,0,0.357614129781723,0.8997619152069092,0.2500802278518677,0,-0.4420352280139923,-0.07280085235834122,0.8940389156341553,0,0.3353169858455658,0.39329099655151367,0.192453995347023,1,0.9669641256332397,0.21917487680912018,0.1301635503768921,0,-0.19772812724113464,0.9671658873558044,-0.15966437757015228,0,-0.16088420152664185,0.12865275144577026,0.978551983833313,0,0.0033599999733269215,0.4411869943141937,0,1,0.9204390645027161,-0.35278210043907166,-0.16833573579788208,0,0.35252997279167175,0.9352399706840515,-0.032396961003541946,0,0.16886325180530548,-0.02952393889427185,0.9851969480514526,0,0.017900999635457993,0.422311007976532,0,1,0.9924730062484741,-0.12114277482032776,-0.01796380616724491,0,0.12237031757831573,0.975121021270752,0.18483711779117584,0,-0.004874794743955135,-0.1856439858675003,0.98260498046875,0,0.359156996011734,1.1747610569000244,-0.004033000208437443,1,0.9979900121688843,0.06233524903655052,0.011394059285521507,0,-0.060796745121479034,0.8911882042884827,0.4495418965816498,0,0.017868056893348694,-0.449331134557724,0.8931868672370911,0,-0.0007210000185295939,0.31484800577163696,0,1,0.9999070167541504,0.013460885733366013,-0.0021457509137690067,0,-0.012198110111057758,0.9539049863815308,0.2998620867729187,0,0.006083249114453793,-0.29980790615081787,0.9539800882339478,0,-0.000004999999873689376,0.2999800145626068,0,1,0.9994230270385742,0.03331082686781883,0.006686832290142775,0,-0.03324391692876816,0.9181609749794006,0.3948110342025757,0,0.007011887617409229,-0.3948052227497101,0.9187378883361816,0,0.11730500310659409,1.1739939451217651,-0.006180999800562859,1,0.9965500235557556,0.07989998161792755,0.02244403399527073,0,-0.07679601013660431,0.7852510213851929,0.6143960356712341,0,0.031466033309698105,-0.6140000820159912,0.788677990436554,0,0.00021800000104121864,0.38363000750541687,0,1,0.9984880089759827,0.05317386984825134,0.01395475398749113,0,-0.05275212228298187,0.8552969694137573,0.5154449939727783,0,0.01547275297343731,-0.5154018998146057,0.8568090200424194,0,0.0005290000117383897,0.36347898840904236,0,1,0.9981889724731445,0.05754471197724342,0.017503349110484123,0,-0.05502229556441307,0.756058931350708,0.6521870493888855,0,0.0242963507771492,-0.6519690752029419,0.757856011390686,0,-0.1343429982662201,1.1287000179290771,-0.011710000224411488,1,0.998727023601532,0.04858699440956116,0.013544981367886066,0,-0.0499190129339695,0.9136251211166382,0.4034828841686249,0,0.007228981703519821,-0.4036451280117035,0.9148868918418884,0,0.0003380000125616789,0.34310001134872437,0,1,0.9999899864196777,0.003683083690702915,-0.0025407345965504646,0,-0.0025749194901436567,0.9380799531936646,0.34640899300575256,0,0.003659265348687768,-0.3463989794254303,0.9380800127983093,0,0.0002770000137388706,0.3143239915370941,0,1,0.9960389733314514,0.07874197512865067,0.04129696637392044,0,-0.08489397168159485,0.7041211128234863,0.7049869298934937,0,0.02643398754298687,-0.7057002782821655,0.7080167531967163,0,-0.3421190083026886,0.9337649941444397,-0.0014769999543204904,1,0.9965540170669556,0.0777670368552208,0.028859084472060204,0,-0.07275795191526413,0.6524277329444885,0.7543501853942871,0,0.03983508050441742,-0.7538498044013977,0.6558371186256409,0,-0.000311999989207834,0.3076159954071045,0,1,0.9988970160484314,0.046610936522483826,-0.005638685543090105,0,-0.03004906326532364,0.7269580364227295,0.6860239505767822,0,0.03607531636953354,-0.6850979924201965,0.7275569438934326,0,0.00012700000661425292,0.24992099404335022,0,1,-0.9997789859771729,0.002944306703284383,-0.020820649340748787,0,-0.011929252184927464,-0.8948096036911011,0.44628870487213135,0,-0.017316503450274467,0.44643834233283997,0.8946468234062195,0,1.0930769443511963,-0.6339730024337769,-0.1076280027627945,1,0.9897429347038269,0.12887245416641235,-0.0616525299847126,0,-0.11943057924509048,0.5095905065536499,-0.852088212966919,0,-0.07839310169219971,0.8507109880447388,0.5197545886039734,0,0,5.854769229888916,0,1,0.9987759590148926,-0.03442002460360527,-0.03553192317485809,0,0.04798398166894913,0.49934837222099304,0.8650717735290527,0,-0.012032979167997837,-0.8657172918319702,0.5003883838653564,0,0,5.911653995513916,0,1,0.9987859129905701,-0.000002105883595504565,0.04925617203116417,0,-0.02677110582590103,0.8393812775611877,0.5428836941719055,0,-0.04134583845734596,-0.5435431003570557,0.838361918926239,0,0,1.7655739784240723,0,1,-0.9651769399642944,-0.16362828016281128,-0.20410750806331635,0,0.15054817497730255,-0.9855088591575623,0.07815243303775787,0,-0.21393762528896332,0.04470289126038551,0.9758240580558777,0,-1.0930769443511963,-0.6339730024337769,-0.13333700597286224,1,0.9986649751663208,-0.03881514072418213,0.03407203406095505,0,0.04568987339735031,0.9715489745140076,-0.23239201307296753,0,-0.024082306772470474,0.23363839089870453,0.9720248579978943,0,0,5.853795051574707,0,1,0.9948549866676331,-0.09986623376607895,-0.017051445320248604,0,0.05871829017996788,0.431218683719635,0.9003341794013977,0,-0.08256010711193085,-0.8967034220695496,0.4348641335964203,0,0,5.910154819488525,0,1,0.9987490177154541,0,-0.04999621957540512,0,0.029018884524703026,0.8143060207366943,0.5797098875045776,0,0.04071277379989624,-0.5804359316825867,0.8132879137992859,0,0,1.7369129657745361,0,1
