1.933,30,58,65
B0,mixamorig_Hips,-1,0.7311210036277771,0.0011749999830499291,0.6822469830513,0,0.05204800143837929,0.9969879984855652,-0.05749500170350075,0,-0.6802589893341064,0.07754500210285187,0.7288579940795898,0,-0.0582909993827343,12.542279243469238,-0.044047001749277115,1
B1,mixamorig_Spine,0,0.9967439770698547,-0.01229500025510788,-0.07969000190496445,0,0.012675999663770199,0.9999110102653503,0.004271000158041716,0,0.07963000237941742,-0.005266999825835228,0.9968109726905823,0,0,1.141083002090454,-0.1100040003657341,1
B2,mixamorig_Spine1,1,0.9861840009689331,-0.004612000193446875,-0.16558900475502014,0,0.037790000438690186,0.9795169830322266,0.19778500497341156,0,0.16128499805927277,-0.20130999386310577,0.9661579728126526,0,0,1.3374340534210205,0,1
B3,mixamorig_Spine2,2,0.9861840009689331,-0.004610999953001738,-0.16558900475502014,0,0.037790000438690186,0.9795169830322266,0.19778500497341156,0,0.16128499805927277,-0.20130999386310577,0.9661579728126526,0,0,1.5284960269927979,0,1
B4,mixamorig_Neck,3,0.9997439980506897,0.00305499997921288,0.02241400070488453,0,-0.003524000057950616,0.9997749924659729,0.020921999588608742,0,-0.022345000877976418,-0.02099600061774254,0.999530017375946,0,0,1.7195589542388916,0,1
B5,mixamorig_Head,4,0.9370599985122681,-0.04476400092244148,-0.3462870121002197,0,0.00621700007468462,0.9937300086021423,-0.1116349995136261,0,0.34911298751831055,0.1024560034275055,0.9314630031585693,0,0,0.773140013217926,0.16272799670696259,1
B6,mixamorig_HeadTop_End,5,1,0,0,0,0,1,0,0,0,0,1,0,0,2.8045599460601807,0.5902940034866333,1
B7,mixamorig_LeftShoulder,3,-0.01656999997794628,0.026830000802874565,-0.9995030164718628,0,0.9344710111618042,-0.3551580011844635,-0.025025000795722008,0,-0.35565200448036194,-0.9344210028648376,-0.019186999648809433,0,0.6796759963035583,1.5493110418319702,-0.011599999852478504,1
B8,mixamorig_LeftArm,7,0.9751120209693909,-0.0646120011806488,0.21208800375461578,0,-0.12396399676799774,0.6342099905014038,0.7631580233573914,0,-0.18381699919700623,-0.7704560160636902,0.6104170083999634,0,0,1.4848350286483765,0,1
B9,mixamorig_LeftForeArm,8,0.6663690209388733,0.7408469915390015,-0.0842519998550415,0,-0.7348889708518982,0.6716729998588562,0.0937729999423027,0,0.12606200575828552,-0.0005719999899156392,0.9920219779014587,0,0,3.3065850734710693,0,1
B10,mixamorig_LeftHand,9,0.9344220161437988,-0.1111610010266304,-0.3383769989013672,0,-0.007930000312626362,0.9433199763298035,-0.3317900002002716,0,0.35607999563217163,0.31271499395370483,0.880577027797699,0,0,3.252000093460083,0,1
B11,mixamorig_LeftHandThumb1,10,0.856561005115509,0.5001929998397827,-0.12692800164222717,0,-0.3529439866542816,0.747277021408081,0.5630339980125427,0,0.376475989818573,-0.43747401237487793,0.8166289925575256,0,-0.32615599036216736,0.38887399435043335,0.1863590031862259,1
B12,mixamorig_LeftHandThumb2,11,0.9993029832839966,-0.03727100044488907,0.00228899996727705,0,0.03730100020766258,0.9991980195045471,-0.014553000219166279,0,-0.0017450000159442425,0.0146289998665452,0.9998909831047058,0,-0.010243000462651253,0.4324199855327606,0,1
B13,mixamorig_LeftHandThumb3,12,0.986877977848053,0.16143199801445007,0.003309000050649047,0,-0.16143199801445007,0.9868839979171753,-0.0003420000139158219,0,-0.0033209999091923237,-0.000195999993593432,0.9999939799308777,0,-0.025351999327540398,0.42767399549484253,0,1
B14,mixamorig_LeftHandThumb4,13,1,0,0,0,0,1,0,0,0,0,1,0,0.03559499979019165,0.34496399760246277,0,1
B15,mixamorig_LeftHandIndex1,10,0.9749820232391357,0.22178399562835693,0.014929000288248062,0,-0.22227199375629425,0.9734650254249573,0.054416999220848083,0,-0.002463999902829528,-0.056373998522758484,0.9984070062637329,0,-0.3550049960613251,1.201058030128479,-0.009050000458955765,1
B16,mixamorig_LeftHandIndex2,15,0.9998959898948669,-0.014454999938607216,-0.00022699999681208283,0,0.013929000124335289,0.9591230154037476,0.2826460003852844,0,-0.003868000116199255,-0.28261899948120117,0.9592239856719971,0,0.0005929999751970172,0.3072730004787445,0,1
B17,mixamorig_LeftHandIndex3,16,0.9999889731407166,-0.0046179997734725475,0.00017499999376013875,0,0.0046179997734725475,0.9999889731407166,9.999999974752427e-7,0,-0.00017499999376013875,-9.999999974752427e-7,1,0,0.0003429999924264848,0.29129600524902344,0,1
B18,mixamorig_LeftHandIndex4,17,1,0,0,0,0,1,0,0,0,0,1,0,-0.0009360000258311629,0.25084999203681946,0,1
B19,mixamorig_LeftHandMiddle1,10,0.9971029758453369,-0.07088299840688705,-0.027602000162005424,0,0.0754069983959198,0.9687759876251221,0.2361920028924942,0,0.009998999536037445,-0.2375890016555786,0.971314013004303,0,-0.11559499800205231,1.1544300317764282,-0.011510999873280525,1
B20,mixamorig_LeftHandMiddle2,19,0.9996230006217957,0.026427000761032104,0.007493999786674976,0,-0.027316000312566757,0.9276139736175537,0.3725390136241913,0,0.002893999917432666,-0.37260299921035767,0.9279860258102417,0,-0.00031400000443682075,0.3948670029640198,0,1
B21,mixamorig_LeftHandMiddle3,20,0.9999970197677612,0.0025500000920146704,0.000048999998398358,0,-0.0025500000920146704,0.9999970197677612,0,0,-0.000048999998398358,0,1,0,-0.00033400001120753586,0.37462300062179565,0,1
B22,mixamorig_LeftHandMiddle4,21,1,0,0,0,0,1,0,0,0,0,1,0,0.0006469999789260328,0.34314000606536865,0,1
B23,mixamorig_LeftHandRing1,10,0.9860349893569946,-0.16225400567054749,-0.03753900155425072,0,0.15900999307632446,0.8502079844474792,0.5018579959869385,0,-0.04951300099492073,-0.5008190274238586,0.8641350269317627,0,0.1267469972372055,1.0985260009765625,-0.004972000140696764,1
B24,mixamorig_LeftHandRing2,23,0.9989299774169922,0.045414999127388,0.008779999800026417,0,-0.043164998292922974,0.8470100164413452,0.52982097864151,0,0.016625000163912773,-0.5296329855918884,0.8480640053749084,0,-0.00026199998683296144,0.34397000074386597,0,1
B25,mixamorig_LeftHandRing3,24,0.9999939799308777,0.0035810000263154507,0.00008800000068731606,0,-0.0035810000263154507,0.9999939799308777,0,0,-0.00008800000068731606,0,1,0,-0.00039400000241585076,0.32832100987434387,0,1
B26,mixamorig_LeftHandRing4,25,1,0,0,0,0,1,0,0,0,0,1,0,0.0006559999892488122,0.29633501172065735,0,1
B27,mixamorig_LeftHandPinky1,10,0.9731829762458801,-0.22090299427509308,-0.06415800005197525,0,0.21953299641609192,0.8086159825325012,0.5458430051803589,0,-0.06870000064373016,-0.5452899932861328,0.8354269862174988,0,0.3438529968261719,0.9330480098724365,-0.007087999954819679,1
B28,mixamorig_LeftHandPinky2,27,0.9948890209197998,0.10023699700832367,0.012190000154078007,0,-0.08525600284337997,0.7691829800605774,0.6333159804344177,0,0.05410600081086159,-0.6311190128326416,0.7737969756126404,0,0.0002640000020619482,0.3120589852333069,0,1
B29,mixamorig_LeftHandPinky3,28,1,-0.0008559999987483025,0.000019999999494757503,0,0.0008559999987483025,1,0,0,-0.000019999999494757503,0,1,0,-0.0000470000013592653,0.2474299967288971,0,1
B30,mixamorig_LeftHandPinky4,29,1,0,0,0,0,1,0,0,0,0,1,0,-0.00021699999342672527,0.23377299308776855,0,1
B31,mixamorig_RightShoulder,3,0.11924000084400177,-0.02944999933242798,0.9924290180206299,0,-0.9107229709625244,-0.4013420045375824,0.09751299768686295,0,0.3954310119152069,-0.9154549837112427,-0.0746769979596138,0,-0.6796759963035583,1.5502300262451172,-0.021136000752449036,1
B32,mixamorig_RightArm,31,0.8850780129432678,0.46279099583625793,-0.04960000142455101,0,-0.29052600264549255,0.6325719952583313,0.7179470062255859,0,0.36363500356674194,-0.6210290193557739,0.694329023361206,0,0,1.4848350286483765,0,1
B33,mixamorig_RightForeArm,32,0.7485949993133545,-0.6536219716072083,-0.11128100007772446,0,0.6630250215530396,0.7374690175056458,0.12860000133514404,0,-0.0019890000112354755,-0.1700509935617447,0.9854329824447632,0,0,3.3060851097106934,0,1
B34,mixamorig_RightHand,33,0.967644989490509,-0.11694800108671188,0.22357599437236786,0,0.06549499928951263,0.9721450209617615,0.22504299879074097,0,-0.24366599321365356,-0.20311899483203888,0.9483510255813599,0,0,3.252023935317993,0,1
B35,mixamorig_RightHandThumb1,34,0.8501620292663574,-0.5157780051231384,-0.10582000017166138,0,0.5144500136375427,0.770933985710144,0.37550199031829834,0,-0.11209499835968018,-0.37367698550224304,0.920760989189148,0,0.3353169858455658,0.39329099655151367,0.192453995347023,1
B36,mixamorig_RightHandThumb2,35,0.9200149774551392,0.391882985830307,0.0005089999758638442,0,-0.39181700348854065,0.9198349714279175,0.01955699920654297,0,0.007195999845862389,-0.018192000687122345,0.9998090267181396,0,0.0033599999733269215,0.4411869943141937,0,1
B37,mixamorig_RightHandThumb3,36,0.9944239854812622,-0.10545399785041809,0.00009500000305706635,0,0.10545399785041809,0.9944239854812622,0.000006000000212225132,0,-0.00009500000305706635,0.000003999999989900971,1,0,0.017900999635457993,0.422311007976532,0,1
B38,mixamorig_RightHandThumb4,37,1,0,0,0,0,1,0,0,0,0,1,0,-0.021260999143123627,0.3361220061779022,0,1
B39,mixamorig_RightHandIndex1,34,0.9965760111808777,-0.08044400066137314,-0.019128000363707542,0,0.08164899796247482,0.9939129948616028,0.07396200299263,0,0.013062000274658203,-0.07526999711990356,0.997078001499176,0,0.359156996011734,1.1747610569000244,-0.004033000208437443,1
B40,mixamorig_RightHandIndex2,39,0.9997460246086121,0.022373000159859657,0.0025949999690055847,0,-0.022159000858664513,0.956367015838623,0.29132598638534546,0,0.004036999773234129,-0.2913089990615845,0.9566199779510498,0,-0.0007210000185295939,0.31484800577163696,0,1
B41,mixamorig_RightHandIndex3,40,0.9999970197677612,0.0026229999493807554,-0.00010199999815085903,0,-0.0026229999493807554,0.9999970197677612,9.999999974752427e-7,0,0.00010199999815085903,0,1,0,-0.000004999999873689376,0.2999800145626068,0,1
B42,mixamorig_RightHandIndex4,41,1,0,0,0,0,1,0,0,0,0,1,0,0.0007259999983943999,0.2669230103492737,0,1
B43,mixamorig_RightHandMiddle1,34,0.9987720251083374,-0.04732999950647354,-0.014666000381112099,0,0.04938099905848503,0.9752029776573181,0.21573400497436523,0,0.004091999959200621,-0.21619300544261932,0.9763420224189758,0,0.11730500310659409,1.1739939451217651,-0.006180999800562859,1
B44,mixamorig_RightHandMiddle2,43,0.9995459914207458,-0.02837200090289116,-0.010143999941647053,0,0.029587000608444214,0.8605210185050964,0.5085539817810059,0,-0.00570000009611249,-0.5086240172386169,0.8609700202941895,0,0.00021800000104121864,0.38363000750541687,0,1
B45,mixamorig_RightHandMiddle3,44,0.9999939799308777,-0.0034340000711381435,-0.000043000000005122274,0,0.0034340000711381435,0.9999939799308777,0,0,0.000043000000005122274,0,1,0,0.0005290000117383897,0.36347898840904236,0,1
B46,mixamorig_RightHandMiddle4,45,1,0,0,0,0,1,0,0,0,0,1,0,-0.0007469999836757779,0.33994999527931213,0,1
B47,mixamorig_RightHandRing1,34,0.9987810254096985,0.03366899862885475,0.03610600158572197,0,-0.04443399980664253,0.931797981262207,0.3602469861507416,0,-0.02151400037109852,-0.36141300201416016,0.9321579933166504,0,-0.1343429982662201,1.1287000179290771,-0.011710000224411488,1
B48,mixamorig_RightHandRing2,47,0.9980369806289673,-0.0608070008456707,-0.014987999573349953,0,0.0573979988694191,0.7923790216445923,0.6073229908943176,0,-0.025053000077605247,-0.6069909930229187,0.7943140268325806,0,0.0003380000125616789,0.34310001134872437,0,1
B49,mixamorig_RightHandRing3,48,0.9999960064888,-0.0029959999956190586,-0.00006299999949987978,0,0.0029959999956190586,0.9999960064888,0,0,0.00006299999949987978,-9.999999974752427e-7,1,0,0.0002770000137388706,0.3143239915370941,0,1
B50,mixamorig_RightHandRing4,49,1,0,0,0,0,1,0,0,0,0,1,0,-0.0006150000263005495,0.29385000467300415,0,1
B51,mixamorig_RightHandPinky1,34,0.9953330159187317,0.07611300051212311,0.059321001172065735,0,-0.09346699714660645,0.9132890105247498,0.3964430093765259,0,-0.02400200068950653,-0.4001370072364807,0.9161409735679626,0,-0.3421190083026886,0.9337649941444397,-0.0014769999543204904,1
B52,mixamorig_RightHandPinky2,51,0.990559995174408,-0.13484899699687958,-0.024613000452518463,0,0.11791899800300598,0.746724009513855,0.6545979976654053,0,-0.0698930025100708,-0.6513209939002991,0.7555760145187378,0,-0.000311999989207834,0.3076159954071045,0,1
B53,mixamorig_RightHandPinky3,52,1,0.0004910000134259462,-0.000012000000424450263,0,-0.0004910000134259462,1,-9.999999974752427e-7,0,0.000012000000424450263,9.999999974752427e-7,1,0,0.00012700000661425292,0.24992099404335022,0,1
B54,mixamorig_RightHandPinky4,53,1,0,0,0,0,1,0,0,0,0,1,0,0.0001849999971454963,0.22435300052165985,0,1
B55,mixamorig_LeftUpLeg,0,-0.9675869941711426,-0.16225799918174744,0.19351400434970856,0,0.22734899818897247,-0.8932809829711914,0.38776400685310364,0,0.10994499921798706,0.41919100284576416,0.901216983795166,0,1.0930769443511963,-0.6339730024337769,-0.1076280027627945,1
B56,mixamorig_LeftLeg,55,0.9691910147666931,-0.13468599319458008,-0.20622199773788452,0,-0.011292999610304832,0.8120729923248291,-0.5834460258483887,0,0.24605000019073486,0.567799985408783,0.7855330109596252,0,0,5.854769229888916,0,1
B57,mixamorig_LeftFoot,56,0.9943559765815735,-0.09584899991750717,-0.04548100009560585,0,0.0824270024895668,0.42806199193000793,0.8999829888343811,0,-0.0667940005660057,-0.8986520171165466,0.4335460066795349,0,0,5.911653995513916,0,1
B58,mixamorig_LeftToeBase,57,0.9993119835853577,-0.036858998239040375,0.004064000211656094,0,0.02808699943125248,0.8238890171051025,0.5660539865493774,0,-0.024212000891566277,-0.5655509829521179,0.8243579864501953,0,0,1.7655739784240723,0,1
B59,mixamorig_LeftToe_End,58,1,0,0,0,0,1,0,0,0,0,1,0,0,0.648751974105835,0,1
B60,mixamorig_RightUpLeg,0,-0.9403700232505798,0.2272839993238449,-0.2530730068683624,0,-0.24070300161838531,-0.9703270196914673,0.022957000881433487,0,-0.2403459995985031,0.08250399678945541,0.9671750068664551,0,-1.0930769443511963,-0.6339730024337769,-0.13333700597286224,1
B61,mixamorig_RightLeg,60,0.9868950247764587,-0.09976399689912796,-0.12682999670505524,0,0.00813400000333786,0.8157380223274231,-0.5783640146255493,0,0.16116000711917877,0.5697529911994934,0.8058590292930603,0,0,5.853795051574707,0,1
B62,mixamorig_RightFoot,61,0.9672899842262268,0.24126499891281128,0.07836999744176865,0,-0.12279800325632095,0.17500700056552887,0.9768790006637573,0,0.2219720035791397,-0.9545490145683289,0.1989089995622635,0,0,5.910154819488525,0,1
B63,mixamorig_RightToeBase,62,0.9982709884643555,-0.0016690000193193555,-0.058761000633239746,0,0.034717999398708344,0.8233839869499207,0.5664219856262207,0,0.04743700101971626,-0.5674830079078674,0.822018027305603,0,0,1.7369129657745361,0,1
B64,mixamorig_RightToe_End,63,1,0,0,0,0,1,0,0,0,0,1,0,0,0.6474210023880005,0,1
@52,0,1,2,3,4,5,7,8,9,10,11,12,13,15,16,17,19,20,21,23,24,25,27,28,29,31,32,33,34,35,36,37,39,40,41,43,44,45,47,48,49,51,52,53,55,56,57,58,60,61,62,63
K0,0.7311211824417114,0.0011753864819183946,0.682246744632721,0,0.05204838886857033,0.9969879984855652,-0.0574946328997612,0,-0.6802592873573303,0.07754537463188171,0.728857696056366,0,-0.0582909993827343,12.542279243469238,-0.044047001749277115,1,0.9967439770698547,-0.012295238673686981,-0.07968981564044952,0,0.012675762176513672,0.9999110102653503,0.004270888864994049,0,0.07963019609451294,-0.0052671111188828945,0.9968109130859375,0,0,1.141083002090454,-0.1100040003657341,1,0.9861840009689331,-0.004611668176949024,-0.16558896005153656,0,0.03779032826423645,0.9795169830322266,0.19778499007225037,0,0.16128502786159515,-0.20130999386310577,0.9661579728126526,0,0,1.3374340534210205,0,1,0.9861840009689331,-0.004611169919371605,-0.16558890044689178,0,0.037789829075336456,0.9795169830322266,0.19778501987457275,0,0.16128508746623993,-0.2013099491596222,0.9661579728126526,0,0,1.5284960269927979,0,1,0.9997439980506897,0.0030549177899956703,0.02241397835314274,0,-0.0035240822471678257,0.9997749924659729,0.020922182127833366,0,-0.022345025092363358,-0.020995819941163063,0.9995300769805908,0,0,1.7195589542388916,0,1,0.9370600581169128,-0.04476407542824745,-0.34628698229789734,0,0.006216925568878651,0.9937299489974976,-0.11163506656885147,0,0.3491130471229553,0.10245592147111893,0.9314630031585693,0,0,0.773140013217926,0.16272799670696259,1,-0.01656925491988659,0.02682996168732643,-0.9995030164718628,0,0.9344711899757385,-0.3551573157310486,-0.025024836882948875,0,-0.3556520640850067,-0.9344209432601929,-0.01918705180287361,0,0.6796759963035583,1.5493110418319702,-0.011599999852478504,1,0.9751121401786804,-0.06461198627948761,0.21208764612674713,0,-0.12396397441625595,0.6342101097106934,0.7631579041481018,0,-0.18381737172603607,-0.7704561352729797,0.6104167103767395,0,0,1.4848350286483765,0,1,0.6663686037063599,0.7408472299575806,-0.084252268075943,0,-0.7348886728286743,0.6716733574867249,0.09377337992191315,0,0.12606172263622284,-0.0005716087180189788,0.9920219779014587,0,0,3.3065850734710693,0,1,0.934421956539154,-0.11116088181734085,-0.33837711811065674,0,-0.007929882034659386,0.9433199763298035,-0.3317899703979492,0,0.3560798168182373,0.31271499395370483,0.880577027797699,0,0,3.252000093460083,0,1,0.8565609455108643,0.5001929402351379,-0.12692800164222717,0,-0.352944016456604,0.7472772598266602,0.5630336403846741,0,0.3764759600162506,-0.43747425079345703,0.8166287541389465,0,-0.32615599036216736,0.38887399435043335,0.1863590031862259,1,0.9993029236793518,-0.03727128729224205,0.002289130352437496,0,0.0373007133603096,0.9991980195045471,-0.014553384855389595,0,-0.0017448696307837963,0.014628616161644459,0.9998909831047058,0,-0.010243000462651253,0.4324199855327606,0,1,0.986877977848053,0.16143208742141724,0.003309069201350212,0,-0.1614319235086441,0.9868840575218201,-0.00034234076156280935,0,-0.0033209307584911585,-0.00019634074124041945,0.9999939799308777,0,-0.025351999327540398,0.42767399549484253,0,1,0.9749820232391357,0.22178392112255096,0.014928985387086868,0,-0.22227206826210022,0.9734650254249573,0.05441706255078316,0,-0.0024640148039907217,-0.05637393891811371,0.9984070658683777,0,-0.3550049960613251,1.201058030128479,-0.009050000458955765,1,0.9998959898948669,-0.014454638585448265,-0.00022690686455462128,0,0.01392936147749424,0.9591230750083923,0.28264570236206055,0,-0.0038679069839417934,-0.2826192378997803,0.9592239260673523,0,0.0005929999751970172,0.3072730004787445,0,1,0.9999889731407166,-0.0046179997734725475,0.00017499765090178698,0,0.00461799930781126,0.9999889731407166,0.0000014040770111023448,0,-0.0001750023220665753,0,1,0,0.0003429999924264848,0.29129600524902344,0,1,0.9971030354499817,-0.07088266313076019,-0.027602389454841614,0,0.07540733367204666,0.9687759280204773,0.23619197309017181,0,0.00999861117452383,-0.237589031457901,0.971314013004303,0,-0.11559499800205231,1.1544300317764282,-0.011510999873280525,1,0.9996230006217957,0.02642696537077427,0.007493757642805576,0,-0.027316037565469742,0.9276140332221985,0.3725389242172241,0,0.0028937580063939095,-0.37260308861732483,0.9279859662055969,0,-0.00031400000443682075,0.3948670029640198,0,1,0.9999969601631165,0.0025500000920146704,0.00004900000203633681,0,-0.0025500000920146704,0.9999969601631165,0,0,-0.00004899999112240039,0,1,0,-0.00033400001120753586,0.37462300062179565,0,1,0.9860349297523499,-0.16225433349609375,-0.03753884136676788,0,0.1590096801519394,0.8502079844474792,0.501858115196228,0,-0.0495128408074379,-0.5008188486099243,0.8641350269317627,0,0.1267469972372055,1.0985260009765625,-0.004972000140696764,1,0.9989299774169922,0.045414999127388,0.008780037052929401,0,-0.043164998292922974,0.8470100164413452,0.5298209190368652,0,0.016625037416815758,-0.5296329855918884,0.8480640053749084,0,-0.00026199998683296144,0.34397000074386597,0,1,0.9999939203262329,0.0035810000263154507,0.00008800001523923129,0,-0.0035810000263154507,0.9999939203262329,0,0,-0.00008799998613540083,0,1,0,-0.00039400000241585076,0.32832100987434387,0,1,0.9731829762458801,-0.22090306878089905,-0.06415757536888123,0,0.21953293681144714,0.8086159825325012,0.5458430051803589,0,-0.06869957596063614,-0.5452899932861328,0.8354270458221436,0,0.3438529968261719,0.9330480098724365,-0.007087999954819679,1,0.9948890209197998,0.10023690015077591,0.012189618311822414,0,-0.08525611460208893,0.7691827416419983,0.6333163380622864,0,0.054105620831251144,-0.6311187744140625,0.7737972736358643,0,0.0002640000020619482,0.3120589852333069,0,1,1,-0.0008559999405406415,0.00002000000313273631,0,0.0008559999405406415,1,0,0,-0.000019999995856778696,0,1,0,-0.0000470000013592653,0.2474299967288971,0,1,0.11924032866954803,-0.029450327157974243,0.9924290180206299,0,-0.9107229113578796,-0.4013420045375824,0.09751351177692413,0,0.39543142914772034,-0.9154548645019531,-0.07467719912528992,0,-0.6796759963035583,1.5502300262451172,-0.021136000752449036,1,0.8850781321525574,0.462790846824646,-0.049600034952163696,0,-0.2905261814594269,0.6325721144676208,0.7179467678070068,0,0.36363494396209717,-0.6210291385650635,0.6943289041519165,0,0,1.4848350286483765,0,1,0.7485948801040649,-0.6536221504211426,-0.11128119379281998,0,0.6630248427391052,0.7374692559242249,0.12859974801540375,0,-0.001989187905564904,-0.1700512319803238,0.9854329228401184,0,0,3.3060851097106934,0,1,0.9676451086997986,-0.11694783717393875,0.2235756814479828,0,0.06549516320228577,0.9721449613571167,0.2250431627035141,0,-0.24366630613803864,-0.20311881601810455,0.9483509063720703,0,0,3.252023935317993,0,1,0.850162148475647,-0.5157777070999146,-0.10582020878791809,0,0.5144502520561218,0.7709337472915649,0.37550199031829834,0,-0.11209520697593689,-0.3736768960952759,0.9207609295845032,0,0.3353169858455658,0.39329099655151367,0.192453995347023,1,0.9200149774551392,0.39188289642333984,0.0005089129554107785,0,-0.39181703329086304,0.9198349118232727,0.01955692283809185,0,0.007195912767201662,-0.018192073330283165,0.9998089671134949,0,0.0033599999733269215,0.4411869943141937,0,1,0.9944239854812622,-0.10545399785041809,0.00009494712139712647,0,0.10545399785041809,0.9944239854812622,0.000006023070454830304,0,-0.00009505288471700624,0.000004023069777758792,1,0,0.017900999635457993,0.422311007976532,0,1,0.9965760707855225,-0.08044417202472687,-0.019128113985061646,0,0.0816488265991211,0.9939130544662476,0.07396173477172852,0,0.013061889447271824,-0.07527027279138565,0.997078001499176,0,0.359156996011734,1.1747610569000244,-0.004033000208437443,1,0.9997460246086121,0.022373361513018608,0.002594572491943836,0,-0.02215864136815071,0.9563671350479126,0.29132574796676636,0,0.0040365722961723804,-0.2913092374801636,0.956619918346405,0,-0.0007210000185295939,0.31484800577163696,0,1,0.9999970197677612,0.002623000182211399,-0.00010199937241850421,0,-0.0026229999493807554,0.9999970197677612,0,0,0.00010200063115917146,0,1,0,-0.000004999999873689376,0.2999800145626068,0,1,0.9987719655036926,-0.04733000323176384,-0.014666183851659298,0,0.049380991607904434,0.9752029776573181,0.21573391556739807,0,0.004091816022992134,-0.2161930799484253,0.976341962814331,0,0.11730500310659409,1.1739939451217651,-0.006180999800562859,1,0.9995459318161011,-0.028372105211019516,-0.010143803432583809,0,0.029586894437670708,0.8605208396911621,0.508554220199585,0,-0.0056998031213879585,-0.5086237788200378,0.860970139503479,0,0.00021800000104121864,0.38363000750541687,0,1,0.9999939799308777,-0.0034340000711381435,-0.00004299999636714347,0,0.0034340000711381435,0.9999939799308777,0,0,0.000043000000005122274,0,1,0,0.0005290000117383897,0.36347898840904236,0,1,0.9987810254096985,0.03366904705762863,0.03610583767294884,0,-0.044433947652578354,0.9317978024482727,0.360247403383255,0,-0.021514156833291054,-0.3614126145839691,0.9321581721305847,0,-0.1343429982662201,1.1287000179290771,-0.011710000224411488,1,0.9980369806289673,-0.060807231813669205,-0.014988251030445099,0,0.057397760450839996,0.7923791408538818,0.6073228716850281,0,-0.025053251534700394,-0.6069910526275635,0.794313907623291,0,0.0003380000125616789,0.34310001134872437,0,1,0.9999960064888,-0.002995999762788415,-0.00006300076347542927,0,0.002995999762788415,0.9999960064888,0,0,0.00006299923552433029,0,1,0,0.0002770000137388706,0.3143239915370941,0,1,0.9953330159187317,0.07611319422721863,0.059320639818906784,0,-0.09346680343151093,0.9132891297340393,0.39644286036491394,0,-0.02400236204266548,-0.40013718605041504,0.9161409139633179,0,-0.3421190083026886,0.9337649941444397,-0.0014769999543204904,1,0.9905600547790527,-0.13484865427017212,-0.02461273968219757,0,0.11791933327913284,0.7467239499092102,0.6545979976654053,0,-0.06989274173974991,-0.6513208746910095,0.7555761337280273,0,-0.000311999989207834,0.3076159954071045,0,1,1,0.0004909999552182853,-0.000012000245988019742,0,-0.0004910000134259462,1,0,0,0.000011999753041891381,0.000001002945964501123,1,0,0.00012700000661425292,0.24992099404335022,0,1,-0.967586874961853,-0.16225804388523102,0.19351418316364288,0,0.2273489385843277,-0.8932809829711914,0.38776400685310364,0,0.10994480550289154,0.41919100284576416,0.9012169241905212,0,1.0930769443511963,-0.6339730024337769,-0.1076280027627945,1,0.9691909551620483,-0.13468582928180695,-0.20622234046459198,0,-0.011292844079434872,0.8120728731155396,-0.5834460854530334,0,0.2460496425628662,0.5677998661994934,0.7855331897735596,0,0,5.854769229888916,0,1,0.9943559765815735,-0.09584925323724747,-0.045480988919734955,0,0.0824267566204071,0.42806190252304077,0.8999830484390259,0,-0.06679399311542511,-0.8986518979072571,0.433546245098114,0,0,5.911653995513916,0,1,0.9993119835853577,-0.036859121173620224,0.004063694272190332,0,0.02808687835931778,0.8238890171051025,0.5660540461540222,0,-0.0242123082280159,-0.5655508637428284,0.8243580460548401,0,0,1.7655739784240723,0,1,-0.9403700232505798,0.22728410363197327,-0.2530730366706848,0,-0.24070289731025696,-0.9703270792961121,0.02295723743736744,0,-0.24034598469734192,0.0825037732720375,0.9671751260757446,0,-1.0930769443511963,-0.6339730024337769,-0.13333700597286224,1,0.9868950247764587,-0.09976402670145035,-0.12683002650737762,0,0.008133971132338047,0.8157380223274231,-0.5783640742301941,0,0.1611599624156952,0.5697529315948486,0.8058590888977051,0,0,5.853795051574707,0,1,0.9672898650169373,0.24126535654067993,0.07836981117725372,0,-0.12279767543077469,0.1750069409608841,0.9768790602684021,0,0.22197185456752777,-0.9545490145683289,0.19890931248664856,0,0,5.910154819488525,0,1,0.9982710480690002,-0.0016691840719431639,-0.058760788291692734,0,0.03471781685948372,0.8233838677406311,0.566422164440155,0,0.047437217086553574,-0.5674828886985779,0.8220182061195374,0,0,1.7369129657745361,0,1
K0.033,0.7308189868927002,0.0011791428551077843,0.6825699210166931,0,0.052292149513959885,0.9969630241394043,-0.05771080031991005,0,-0.6805650591850281,0.07786919921636581,0.7285378575325012,0,-0.056712981313467026,12.543489456176758,-0.045464009046554565,1,0.99674391746521,-0.012292264960706234,-0.07969402521848679,0,0.012668734416365623,0.9999109506607056,0.00422006007283926,0,0.07963498681783676,-0.0052159372717142105,0.9968100190162659,0,0,1.141083002090454,-0.1100040003657341,1,0.9861840605735779,-0.00459844246506691,-0.16558770835399628,0,0.03776055574417114,0.9795380234718323,0.1976868361234665,0,0.16129031777381897,-0.2012081742286682,0.9661778807640076,0,0,1.3374340534210205,0,1,0.9861839413642883,-0.004598440136760473,-0.1655881702899933,0,0.03776055946946144,0.9795380234718323,0.1976862996816635,0,0.16129082441329956,-0.2012077122926712,0.9661781191825867,0,0,1.5284960269927979,0,1,0.9997450113296509,0.002978118136525154,0.022406242787837982,0,-0.0034608773421496153,0.9997619986534119,0.021537987515330315,0,-0.02233675867319107,-0.021610034629702568,0.999517023563385,0,0,1.7195589542388916,0,1,0.9372029304504395,-0.04446887597441673,-0.3459392189979553,0,0.006171114277094603,0.9937980771064758,-0.11102961003780365,0,0.34873077273368835,0.10192234814167023,0.931663990020752,0,0,0.773140013217926,0.16272799670696259,1,-0.016200298443436623,0.026902778074145317,-0.9995070695877075,0,0.9344839453697205,-0.35514718294143677,-0.024705495685338974,0,-0.3556365668773651,-0.9344232082366943,-0.019386783242225647,0,0.6796759963035583,1.5493110418319702,-0.011599999852478504,1,0.9751339554786682,-0.06437703222036362,0.21205808222293854,0,-0.12403804063796997,0.6344142556190491,0.7629768252372742,0,-0.1836509108543396,-0.7703081369400024,0.610653817653656,0,0,1.4848350286483765,0,1,0.6661960482597351,0.7410110235214233,-0.08417809754610062,0,-0.7350520491600037,0.6714929342269897,0.09378805011510849,0,0.12602289021015167,-0.0006059461156837642,0.9920269846916199,0,0,3.3065850734710693,0,1,0.9345239996910095,-0.11113864928483963,-0.3381032347679138,0,-0.007740640547126532,0.9434199929237366,-0.33150893449783325,0,0.35581672191619873,0.3124200999736786,0.8807880878448486,0,0,3.252000093460083,0,1,0.8569260239601135,0.49918511509895325,-0.12842479348182678,0,-0.3508888781070709,0.7474691271781921,0.5640628933906555,0,0.3775651752948761,-0.4382971227169037,0.8156838417053223,0,-0.32615599036216736,0.38887399435043335,0.1863590031862259,1,0.9993029236793518,-0.03727079555392265,0.002288126852363348,0,0.03730020672082901,0.9991980195045471,-0.014553402550518513,0,-0.0017438734648749232,0.014628595672547817,0.9998909831047058,0,-0.010243000462651253,0.4324199855327606,0,1,0.9868780970573425,0.16143260896205902,0.0033090694341808558,0,-0.1614324152469635,0.9868839383125305,-0.00034234157647006214,0,-0.0033209307584911585,-0.00019634157069958746,0.9999939799308777,0,-0.025351999327540398,0.42767399549484253,0,1,0.9749860763549805,0.22176378965377808,0.01492916140705347,0,-0.22225521504878998,0.9733899235725403,0.05580288916826248,0,-0.0021568366792052984,-0.05772513523697853,0.9983299970626831,0,-0.3550049960613251,1.201058030128479,-0.009050000458955765,1,0.9998950362205505,-0.014455759897828102,-0.00022700161207467318,0,0.013930242508649826,0.9591059684753418,0.2827051877975464,0,-0.0038690015207976103,-0.2826788127422333,0.9592070579528809,0,0.0005929999751970172,0.3072730004787445,0,1,0.9999889731407166,-0.0046179997734725475,0.00017499650130048394,0,0.00461799930781126,0.9999889731407166,0.0000019040769529965473,0,-0.00017500348621979356,-0.0000010959230394291808,1,0,0.0003429999924264848,0.29129600524902344,0,1,0.9971200227737427,-0.07065291702747345,-0.02754976786673069,0,0.07517805695533752,0.9686418771743774,0.23681440949440002,0,0.009954233653843403,-0.23820361495018005,0.9711641073226929,0,-0.11559499800205231,1.1544300317764282,-0.011510999873280525,1,0.9996219873428345,0.026439255103468895,0.007498456165194511,0,-0.027328746393322945,0.9275529980659485,0.37269097566604614,0,0.0028984560631215572,-0.3727550506591797,0.9279249906539917,0,-0.00031400000443682075,0.3948670029640198,0,1,0.9999969601631165,0.0025500000920146704,0.00004900000203633681,0,-0.0025500000920146704,0.9999969601631165,0,0,-0.00004899999112240039,0,1,0,-0.00033400001120753586,0.37462300062179565,0,1,0.9860730171203613,-0.16203895211219788,-0.0374649316072464,0,0.15877005457878113,0.8500769138336182,0.5021570324897766,0,-0.049520932137966156,-0.5011119246482849,0.8639649748802185,0,0.1267469972372055,1.0985260009765625,-0.004972000140696764,1,0.998928964138031,0.04543203115463257,0.008790802210569382,0,-0.04318096861243248,0.8468760251998901,0.5300339460372925,0,0.016635801643133163,-0.5298460125923157,0.8479309678077698,0,-0.00026199998683296144,0.34397000074386597,0,1,0.9999939203262329,0.0035810000263154507,0.00008800001523923129,0,-0.0035810000263154507,0.9999939203262329,0,0,-0.00008799998613540083,0,1,0,-0.00039400000241585076,0.32832100987434387,0,1,0.9732120037078857,-0.22079303860664368,-0.06410404294729233,0,0.2193659245967865,0.8082799911499023,0.5464079976081848,0,-0.06882904469966888,-0.5458329319953918,0.8350620269775391,0,0.3438529968261719,0.9330480098724365,-0.007087999954819679,1,0.9948859214782715,0.10026632994413376,0.012214325368404388,0,-0.08527666330337524,0.7689710855484009,0.6335710883140564,0,0.0541333332657814,-0.6313719153404236,0.7735880613327026,0,0.0002640000020619482,0.3120589852333069,0,1,1,-0.0008549999329261482,0.00002000000313273631,0,0.0008549999329261482,1,0,0,-0.000019999995856778696,0,1,0,-0.0000470000013592653,0.2474299967288971,0,1,0.11894959211349487,-0.029454007744789124,0.9924629926681519,0,-0.9110398292541504,-0.40067341923713684,0.09729970991611481,0,0.3947876989841461,-0.9157470464706421,-0.07449369877576828,0,-0.6796759963035583,1.5502300262451172,-0.021136000752449036,1,0.8853440284729004,0.46230006217956543,-0.04943687468767166,0,-0.29020294547080994,0.6325539350509644,0.7180929780006409,0,0.3632461130619049,-0.6214129328727722,0.6941890120506287,0,0,1.4848350286483765,0,1,0.7485160827636719,-0.6537999510765076,-0.11076603084802628,0,0.663110077381134,0.7372649908065796,0.12932392954826355,0,-0.002888057380914688,-0.17025110125541687,0.9853959679603577,0,0,3.3060851097106934,0,1,0.9677799344062805,-0.11654311418533325,0.223202183842659,0,0.06535287946462631,0.9723200798034668,0.2243257611989975,0,-0.24316778779029846,-0.20251120626926422,0.9486090540885925,0,0,3.252023935317993,0,1,0.8511501550674438,-0.5139469504356384,-0.1067846268415451,0,0.5133460760116577,0.7724840641021729,0.37382474541664124,0,-0.10963661223649979,-0.3729982376098633,0.9213320016860962,0,0.3353169858455658,0.39329099655151367,0.192453995347023,1,0.9200679063796997,0.39175623655319214,0.0012582354247570038,0,-0.3916957974433899,0.9198591113090515,0.020846229046583176,0,0.007009240332990885,-0.01967279054224491,0.9997820258140564,0,0.0033599999733269215,0.4411869943141937,0,1,0.9944239854812622,-0.10545501112937927,0.00009444713214179501,0,0.10545500367879868,0.9944239258766174,0.00000599668010181631,0,-0.00009455288818571717,0.0000039966803342395,1,0,0.017900999635457993,0.422311007976532,0,1,0.9965490102767944,-0.08076213300228119,-0.019169842824339867,0,0.08195085823535919,0.9939900040626526,0.07257719337940216,0,0.013193154707551003,-0.07389777153730392,0.9971790313720703,0,0.359156996011734,1.1747610569000244,-0.004033000208437443,1,0.9997469782829285,0.02234983816742897,0.002586016897112131,0,-0.022136162966489792,0.956550121307373,0.2907256484031677,0,0.0040240162052214146,-0.29070931673049927,0.9568029046058655,0,-0.0007210000185295939,0.31484800577163696,0,1,0.9999970197677612,0.002623000182211399,-0.00010199937241850421,0,-0.0026229999493807554,0.9999970197677612,0,0,0.00010200063115917146,0,1,0,-0.000004999999873689376,0.2999800145626068,0,1,0.9987829923629761,-0.047098975628614426,-0.014614121988415718,0,0.04914700984954834,0.9750639796257019,0.2164129763841629,0,0.004056877922266722,-0.21686804294586182,0.9761930108070374,0,0.11730500310659409,1.1739939451217651,-0.006180999800562859,1,0.9995480179786682,-0.028322869911789894,-0.010116327553987503,0,0.02953612431883812,0.8610230088233948,0.5077069997787476,0,-0.0056693279184401035,-0.5077760219573975,0.8614699244499207,0,0.00021800000104121864,0.38363000750541687,0,1,0.9999939799308777,-0.0034340000711381435,-0.00004399999670567922,0,0.0034340000711381435,0.9999939799308777,0,0,0.00004400000034365803,0,1,0,0.0005290000117383897,0.36347898840904236,0,1,0.9987729787826538,0.03383766859769821,0.03615788742899895,0,-0.044610340148210526,0.931784987449646,0.3602578938007355,0,-0.02150110900402069,-0.3614291250705719,0.9321519136428833,0,-0.1343429982662201,1.1287000179290771,-0.011710000224411488,1,0.9980420470237732,-0.060743868350982666,-0.01494011003524065,0,0.057338133454322815,0.7928680181503296,0.606688916683197,0,-0.025007108226418495,-0.606357991695404,0.7947989702224731,0,0.0003380000125616789,0.34310001134872437,0,1,0.9999960064888,-0.002995999762788415,-0.000063000014051795,0,0.002995999762788415,0.9999960064888,0,0,0.00006299998494796455,0,1,0,0.0002770000137388706,0.3143239915370941,0,1,0.9953370094299316,0.07607707381248474,0.05930469185113907,0,-0.09343292564153671,0.9131990075111389,0.3966590166091919,0,-0.023980306461453438,-0.40035003423690796,0.916047990322113,0,-0.3421190083026886,0.9337649941444397,-0.0014769999543204904,1,0.9905529618263245,-0.13489528000354767,-0.024653727188706398,0,0.11795572936534882,0.7464780211448669,0.6548721790313721,0,-0.06993572413921356,-0.6515939235687256,0.7553380727767944,0,-0.000311999989207834,0.3076159954071045,0,1,1,0.0004909999552182853,-0.000012000245988019742,0,-0.0004910000134259462,1,0,0,0.000011999753041891381,0.000001002945964501123,1,0,0.00012700000661425292,0.24992099404335022,0,1,-0.9675770401954651,-0.16230624914169312,0.1935230940580368,0,0.22731977701187134,-0.8935643434524536,0.3871285915374756,0,0.11009194701910019,0.4185684323310852,0.9014877676963806,0,1.0930769443511963,-0.6339730024337769,-0.1076280027627945,1,0.9692410826683044,-0.13429974019527435,-0.20624203979969025,0,-0.011422750540077686,0.8125431537628174,-0.5827896595001221,0,0.24584895372390747,0.5672192573547363,0.7860158085823059,0,0,5.854769229888916,0,1,0.9943320155143738,-0.09608566015958786,-0.045512497425079346,0,0.082587331533432,0.4284490644931793,0.8997839689254761,0,-0.06695649772882462,-0.8984420895576477,0.43395572900772095,0,0,5.911653995513916,0,1,0.9993169903755188,-0.03673580288887024,0.0038839445915073156,0,0.02809319645166397,0.8240377902984619,0.5658382177352905,0,-0.023987045511603355,-0.5653427243232727,0.8245071768760681,0,0,1.7655739784240723,0,1,-0.9403520226478577,0.227432981133461,-0.25300806760787964,0,-0.2407969832420349,-0.9703090190887451,0.022740937769412994,0,-0.24032393097877502,0.08230805397033691,0.9671970009803772,0,-1.0930769443511963,-0.6339730024337769,-0.13333700597286224,1,0.9869549870491028,-0.09942089021205902,-0.1266302764415741,0,0.008030103519558907,0.8159628510475159,-0.5780481696128845,0,0.16079571843147278,0.5694907903671265,0.8061171770095825,0,0,5.853795051574707,0,1,0.9673590064048767,0.24099095165729523,0.07835671305656433,0,-0.12281803041696548,0.175400048494339,0.9768059849739075,0,0.22165772318840027,-0.9545460343360901,0.19927293062210083,0,0,5.910154819488525,0,1,0.9982709884643555,-0.0016698752297088504,-0.058762095868587494,0,0.03471912816166878,0.8233838677406311,0.5664221048355103,0,0.04743790253996849,-0.5674828886985779,0.8220181465148926,0,0,1.7369129657745361,0,1
